.Random.seed <-
c(403L, 153L, 1642547402L, -1893150543L, -1094201484L, 1547832805L, 
1990603067L, -68896567L, 1509895527L, -254124443L, 299700576L, 
-1259019271L, -331628527L, -704269494L, -2141741027L, 1616588423L, 
1060886974L, -630494370L, 469171139L, 1534515036L, -1120270276L, 
2065861666L, 1890180047L, 35778112L, 891164708L, 696398139L, 
2057055270L, -1073052206L, -1656327514L, -158931137L, -1351175036L, 
308241559L, 599190482L, 1301188527L, -1666483273L, 351342194L, 
667243112L, -1742037622L, 1776817408L, 1955918949L, -1542862307L, 
340102668L, -1408064423L, 414468481L, 11561070L, -2114399019L, 
968692392L, -1528064204L, 442054109L, -1754614075L, -1797993856L, 
1111127199L, 309056009L, -667803027L, -1743010903L, -1301598658L, 
866463478L, -12230308L, 2036014355L, 430432088L, 1944477066L, 
-1129327172L, -1189098133L, -1463945577L, 2126559709L, -168231671L, 
-1341170862L, -155088970L, 537819399L, 1693484169L, -1141952396L, 
2043020861L, 1279764606L, 1493636414L, -1834265172L, 1983558209L, 
-212962970L, 164979808L, -192944824L, 795933014L, -1668312064L, 
499340473L, -2038699538L, 1366529402L, 1749670663L, 1097119230L, 
137170057L, 1104617734L, 563893468L, -1419290023L, 284962100L, 
1493567535L, -1895594294L, -74846419L, 1160505930L, -1961424132L, 
-1159234222L, -1338874540L, -2074838263L, 215380307L, 2016289393L, 
-902099449L, -815313995L, -1275764505L, -861522316L, 509115458L, 
-1644423039L, -640484830L, -1305522069L, -2069821690L, -1192031426L, 
1037568114L, -81133920L, -2076582971L, -364379363L, 1010349627L, 
-1778310130L, -1095921292L, 1022553155L, -256389826L, -2088771809L, 
-350622754L, 1090630128L, 439782097L, 123565942L, 2118446265L, 
1302952104L, -638789993L, 1278504377L, -2142207943L, 132400565L, 
1085082762L, -399876220L, -2003446846L, 116982887L, -1534035075L, 
-1274300180L, -1886694569L, 789756161L, -2115349335L, 309344858L, 
1648556213L, -1166600027L, 688939645L, 1829818716L, 481275912L, 
2060725062L, 428406449L, 1255682822L, -2144262482L, 1472476824L, 
-1465915772L, 2116252039L, 2104584139L, 1533909477L, 433832131L, 
-751095666L, 1844365287L, -300232317L, -536620838L, -1430188117L, 
797078118L, 1453676920L, 1884667723L, -940212863L, 2037974155L, 
106409186L, 509160060L, -1300481777L, -158743497L, -1709061404L, 
-269549915L, 2059525037L, 1009459596L, -165799658L, 1499736039L, 
-275771424L, 172632799L, -1009111354L, -1170803022L, 1065843135L, 
768466438L, 1550747325L, 336017919L, -780275428L, 170829578L, 
-1311839340L, -976823210L, 588601671L, 210723767L, -117748028L, 
186480123L, 963806235L, 1850521146L, 1195311146L, 1160138479L, 
-578783392L, -1998594821L, 1135446261L, -467335260L, -923836990L, 
1725590349L, 855451639L, 505813579L, 1023884981L, -2787113L, 
353399826L, 917923092L, 688808045L, -559373217L, 1112106878L, 
651560520L, -1409380711L, 1854821891L, -311369548L, -1024058313L, 
1888935952L, 1956577214L, 2140679271L, 2084032359L, -1115667129L, 
943071705L, -1273959128L, -1206607315L, 1034804417L, 2111270156L, 
-424659123L, 827791952L, -693593234L, -2063088931L, 1839978046L, 
1013023266L, -1725424301L, -1412028747L, 1791675701L, 1729786075L, 
-1823345474L, 2121724624L, -1076698383L, -1743707571L, 1818193429L, 
155049693L, -1251852665L, -161362088L, -398310904L, -15112708L, 
1881204059L, -631080972L, -416679010L, -1518260189L, 267415701L, 
-1364855720L, 1947109594L, -619300137L, -1501084118L, 2145145135L, 
1980438154L, -1421468216L, -49791104L, 819077075L, -473182089L, 
-837404271L, -1225214930L, 446585259L, -2084366155L, 1919543746L, 
483041848L, -421671462L, 75477399L, -1934893017L, -847904393L, 
-2027362703L, -1256125694L, -1597568411L, -1461018250L, 1011482640L, 
-1910954174L, -1097411210L, -1254602398L, -1406915784L, -2080883964L, 
-332027010L, -1609662939L, 1009859530L, 1702887883L, -947797976L, 
638296082L, 909600819L, -1908493041L, 1520687075L, -170856521L, 
-1092782909L, 1258679835L, -1538022499L, 1400434866L, 1067002363L, 
-141747320L, 187207881L, -767508732L, -1047334777L, 1775991309L, 
-1445958283L, -489078860L, -221878993L, -545354323L, -104848439L, 
1736044794L, 247342647L, 1450060563L, -974537057L, 1616007854L, 
181820448L, 27137890L, 1196837723L, 1093661289L, -1375524622L, 
-307985393L, -1742739443L, -899026695L, 2143074710L, 2004063311L, 
101381361L, -1054616689L, 2102413445L, -666923620L, 12149981L, 
361637037L, -1306558117L, 476014383L, 2075086352L, 1846285852L, 
-1566866914L, 1702152578L, -834000136L, -1082821123L, 960159735L, 
11919511L, 1945606683L, 1154654585L, -70329315L, 176861723L, 
1616214844L, -906254556L, -1647108262L, -1285502750L, -1744087234L, 
455574584L, -265884286L, -1227550652L, 865794497L, 1157074547L, 
208833723L, -419024308L, 605577480L, 937984667L, 118519720L, 
-1977900223L, 891043246L, 795744685L, 1969122586L, 129355735L, 
-1246439806L, 490832217L, 273895957L, 1794091848L, -803158699L, 
184782132L, -1028084292L, 1827041663L, -803931954L, -1442270664L, 
-1730915733L, 31374165L, -1001847199L, 1418014333L, 1810731223L, 
-1970201371L, -2105879648L, -1953556725L, 1184765550L, 1841744464L, 
-1598392633L, -469360893L, 1789564848L, -1968948687L, 861514716L, 
-906075066L, -408922864L, 1773052476L, 882452597L, -2012681639L, 
664007616L, -523684819L, 1083673408L, 2047841595L, -797835607L, 
1450950470L, 674051047L, -496912228L, -208235545L, 1300662080L, 
958801684L, 2106781435L, -1837308399L, 1657362839L, 1206922149L, 
-281278231L, -660698483L, 1865997638L, -473902461L, 2096309829L, 
-153654962L, -2027428003L, 1427697462L, 191202288L, 1779186176L, 
-1642953899L, -1881036104L, -922209907L, 1330029942L, -144617361L, 
793724793L, 162768587L, -314916103L, 1821530912L, -1893711931L, 
496456268L, -1617572572L, 315090335L, 2014759068L, 469347735L, 
2092035221L, 1174393663L, 356033691L, 1898359327L, -704256791L, 
-1708177894L, -1924482638L, 754463213L, 1154140078L, -900468221L, 
1722343936L, 1590486378L, -1944142896L, -772839471L, 1592245013L, 
-570273175L, -697684L, 1027705593L, -1789434117L, -673606528L, 
-1303113950L, 1831621168L, 1654484593L, 95820187L, 492512413L, 
530954136L, 1922993557L, -1797024326L, 669158921L, -593921613L, 
883560052L, 1278191717L, 2067020705L, -92629039L, -1419491479L, 
-66495300L, 582193254L, 1521057965L, -367169286L, -607551703L, 
-1112551302L, 1163961048L, -1324806398L, 1807263846L, -1113279319L, 
-723101548L, -1701050689L, -28459104L, 563433498L, 1537662202L, 
-1437057236L, 244750077L, -1999886365L, 2019772004L, 1223426989L, 
290663562L, 650116789L, -1246417813L, 129537754L, -729206907L, 
2134565778L, -1885985964L, -1839024120L, -791624090L, 1842400586L, 
863717187L, -867521239L, 764305404L, -500909908L, 1704116848L, 
461751300L, 826623340L, -2021840044L, -1681652645L, 1716326575L, 
649132558L, 991240210L, 598444511L, -648003931L, 1785785023L, 
1966504614L, -1684865310L, 1145791599L, -917438720L, -1861671179L, 
2070865816L, 1301172496L, 853787948L, 754750426L, 1819955123L, 
-1835102888L, 110320988L, -170370753L, -2060983876L, 1530750420L, 
-177965932L, -1416831021L, 551558779L, -115720270L, -1019881109L, 
553422071L, 1116876840L, 825167426L, 842297602L, -1604682212L, 
1313778665L, 197081287L, -320231325L, -49934015L, -1489499711L, 
1016050964L, 1132549609L, 1772433787L, -2111491596L, -1495451504L, 
-1429198282L, -638822158L, -867772023L, 30750969L, 1596249606L, 
485635311L, 1113614632L, 1280862304L, 120220939L, -1187494930L, 
-695079521L, -564817772L, -843955374L, 959835428L, 759048784L, 
-1682455628L, 667145016L, 1396125321L, -1270935136L, -1822158167L, 
-1599423412L, 1510929414L, -1018062882L, 925327965L, -1049682896L, 
1093999205L, -2102725044L, 439895939L, 1141723610L, -828193926L, 
838240092L, 1045130204L, 1809846408L, -1378215009L, 536440437L, 
-1649504934L, 1052522031L, -1774657519L, -119621832L, -471457032L, 
-34654277L, -1616554606L, -39195774L, 622823839L, 1149939722L, 
-525820781L, -358961820L, -1350303016L, 1740899045L, -531709462L, 
-34921568L, -1977047261L, -1039688234L, 816161269L, -977790288L, 
-87455542L, 18128711L, 2084089866L, -860550677L, -1110887013L, 
